[gd_scene load_steps=7 format=2]

[ext_resource path="res://Assets/Textures/Dirt.tres" type="Material" id=1]
[ext_resource path="res://Assets/WorldEnv.tres" type="Environment" id=2]
[ext_resource path="res://Scripts/CamController.cs" type="Script" id=3]

[sub_resource type="PlaneMesh" id=1]

[sub_resource type="CubeMesh" id=2]

[sub_resource type="SpatialMaterial" id=3]
vertex_color_use_as_albedo = true
albedo_color = Color( 0.780392, 0, 0, 1 )

[node name="Root" type="Spatial"]

[node name="Env" type="Node" parent="."]

[node name="WorldEnvironment" type="WorldEnvironment" parent="Env"]
environment = ExtResource( 2 )

[node name="WorldLight" type="DirectionalLight" parent="Env"]
transform = Transform( 1, 0, 0, 0, 0.5, 0.866025, 0, -0.866025, 0.5, 0, 6, 6 )
light_energy = 2.0
shadow_enabled = true

[node name="Ground" type="MeshInstance" parent="."]
transform = Transform( 50, 0, 0, 0, 50, 0, 0, 0, 50, 0, 0, 0 )
mesh = SubResource( 1 )
material/0 = ExtResource( 1 )

[node name="MeshInstance2" type="MeshInstance" parent="."]
transform = Transform( 1, 0, 0, 0, 1, 0, 0, 0, 1, 20, 4, -8.48734 )
mesh = SubResource( 2 )
material/0 = SubResource( 3 )

[node name="MeshInstance3" type="MeshInstance" parent="."]
transform = Transform( 0.866025, 0, 0.5, 0, 1, 0, -0.5, 0, 0.866025, 10, 4, 5.51266 )
mesh = SubResource( 2 )
material/0 = SubResource( 3 )

[node name="MeshInstance4" type="MeshInstance" parent="."]
transform = Transform( 0.866025, 0, 0.5, 0, 1, 0, -0.5, 0, 0.866025, -7, 4, 5.51266 )
mesh = SubResource( 2 )
material/0 = SubResource( 3 )

[node name="Camera" type="Camera" parent="."]
transform = Transform( 1, 0, 0, 0, 0.866025, 0.5, 0, -0.5, 0.866025, 0, 20, 40 )
current = true
far = 400.0
__meta__ = {
"_editor_description_": "The initial camera position and orientation is determined in CamController.cs"
}

[node name="CamController" type="Node" parent="Camera"]
script = ExtResource( 3 )
